0.760
2.280
0.560
1.720
2.000
1.520
1.640
2.440
1.920
2.160
1.960
1.320
0.360
1.040
1.400
0.840
0.760
0.760
1.080
0.720
1.080
0.680
1.040
0.640
0.560
0.520
1.000
0.680
0.600
1.600
0.760
0.600
1.160
1.080
0.800
0.840
1.120
0.960
1.320
1.280
0.800
0.920
1.160
1.760
1.280
1.000
1.680
0.840
1.280
0.960
1.600
1.120
0.680
1.120
1.520
1.520
1.280
1.400
1.520
1.600
2.040
2.120
1.960
0.920
1.280
1.880
1.440
2.760
1.920
1.680
1.680
1.240
2.520
2.080
2.440
3.040
3.440
2.960
2.280
2.920
3.280
3.280
3.160
3.200
4.520
4.040
3.800
3.680
3.120
5.640
4.320
5.520
5.360
4.040
5.760
4.960
4.720
4.840
4.120
5.040
5.400
5.360
4.000
6.960
6.920
7.360
5.560
3.160
4.640
4.360
4.840
4.880
4.520
6.640
6.520
4.880
4.800
4.960
4.360
4.920
4.520
4.840
4.520
4.480
4.800
5.280
6.760
5.080
5.080
5.960
5.880
4.680
6.760
5.200
4.200
6.480
4.280
5.280
4.920
4.280
5.120
4.400
4.800
5.640
5.200
4.280
5.560
3.680
5.000
4.440
4.560
3.080
5.720
4.440
4.400
3.720
3.800
2.960
4.240
3.320
4.320
4.520
3.960
3.920
5.000
4.680
3.520
3.040
2.720
4.240
4.280
3.960
4.320
4.240
3.680
4.560
4.680
2.720
3.600
3.800
4.480
3.480
4.160
2.640
2.680
2.720
3.240
3.440
3.360
2.720
3.080
3.840
3.680
3.240
3.080
3.440
3.320
3.080
2.320
3.040
3.200
2.560
2.400
2.200
2.960
2.200
3.480
3.200
3.440
2.880
2.840
3.320
2.680
2.120
2.440
2.840
4.040
2.960
2.760
2.520
3.560
2.280
3.000
4.160
2.960
2.240
2.640
2.720
2.760
2.320
3.800
3.160
2.480
2.440
3.960
2.680
2.360
2.600
3.320
1.720
2.760
3.160
1.880
2.480
2.680
2.720
2.760
2.080
3.360
3.000
2.400
1.760
2.680
1.920
2.680
2.320
2.120
3.160
2.080
2.720
1.440
2.280
3.080
2.840
2.880
2.720
2.160
2.400
3.040
2.320
2.480
2.400
2.840
1.880
2.000
2.280
2.640
2.520
2.680
2.880
2.080
1.840
2.760
2.000
1.960
2.040
3.680
1.760
2.280
1.920
1.920
2.480
3.000
2.200
2.640
2.160
2.240
2.440
2.120
2.200
2.120
2.120
2.600
2.120
1.920
2.360
1.920
2.080
1.960
2.520
2.040
1.720
1.640
2.760
1.440
2.400
2.000
2.120
1.560
1.600
1.800
1.680
1.800
2.160
1.880
2.120
1.960
1.440
1.640
1.520
1.040
3.040
2.240
2.480
2.600
1.400
2.440
3.200
4.360
2.800
2.120
2.440
2.720
2.120
2.080
2.160
1.640
2.880
1.720
2.280
1.960
2.200
2.560
2.280
2.920
1.800
1.880
2.240
2.760
2.520
1.920
2.920
2.120
1.880
2.720
1.760
1.680
2.000
2.160
1.280
2.200
2.440
2.080
2.000
1.880
3.200
2.200
1.880
2.640
2.520
2.680
3.000
2.280
2.840
2.480
2.640
2.560
2.280
2.520
2.120
2.000
2.800
2.520
2.120
1.960
1.520
1.720
2.680
2.920
2.560
