0.500000
0.506250
0.511250
0.528750
0.505000
0.500000
0.500000
0.500000
0.500000
0.506250
0.517500
0.628750
0.527500
0.500000
0.500000
0.500000
0.500000
0.500000
0.500000
0.510000
0.582500
0.721250
0.728750
0.726250
0.608750
0.610000
0.722500
0.532500
0.646250
0.746250
0.642500
0.632500
0.630000
0.555000
0.532500
0.518750
0.523750
0.522500
0.531250
0.551250
0.590000
0.618750
0.673750
0.770000
0.647500
0.636250
0.677500
0.703750
0.502500
0.500000
0.500000
0.500000
0.500000
0.500000
0.500000
0.503750
0.686250
0.791250
0.615000
0.580000
0.548750
0.540000
0.555000
0.585000
0.637500
0.672500
0.793750
0.756250
0.593750
0.566250
0.630000
0.593750
0.711250
0.700000
0.611250
0.556250
0.535000
0.523750
0.511250
0.502500
0.502500
0.506250
0.512500
0.527500
0.543750
0.588750
0.820000
0.546250
0.500000
0.500000
0.500000
0.500000
0.500000
0.500000
0.500000
0.500000
0.605000
0.822500
0.825000
0.665000
0.576250
0.553750
0.563750
0.605000
0.660000
0.718750
0.663750
0.516250
0.501250
0.501250
0.508750
0.545000
0.782500
0.715000
0.647500
0.561250
0.543750
0.540000
0.533750
0.533750
0.540000
0.543750
0.561250
0.611250
0.667500
0.843750
0.645000
0.512500
0.502500
0.501250
0.526250
0.721250
0.841250
0.682500
0.658750
0.630000
0.618750
0.630000
0.640000
0.656250
0.677500
0.726250
0.840000
0.811250
0.662500
0.645000
0.666250
0.703750
0.821250
0.851250
0.720000
0.697500
0.671250
0.665000
0.661250
0.683750
0.817500
0.851250
0.870000
0.873750
0.866250
0.870000
0.877500
0.881250
0.823750
0.876250
0.882500
0.883750
0.880000
0.886250
0.875000
0.881250
0.886250
0.856250
0.867500
0.883750
0.883750
0.878750
0.877500
0.851250
0.841250
0.880000
0.887500
0.868750
0.886250
0.886250
0.887500
0.871250
0.821250
0.790000
0.820000
0.892500
0.822500
0.832500
0.893750
0.868750
0.832500
0.817500
0.826250
0.855000
0.891250
0.830000
0.763750
0.801250
0.897500
0.881250
0.861250
0.857500
0.880000
0.888750
0.896250
0.898750
0.897500
0.882500
0.890000
0.880000
0.872500
0.882500
0.886250
0.900000
0.886250
0.897500
0.898750
0.906250
0.900000
0.890000
0.881250
0.866250
0.851250
0.876250
0.903750
0.851250
0.848750
0.902500
0.887500
0.877500
0.875000
0.880000
0.881250
0.903750
0.911250
0.905000
0.903750
0.908750
0.903750
0.891250
0.875000
0.875000
0.902500
0.910000
0.907500
0.908750
0.905000
0.893750
0.898750
0.887500
0.873750
0.898750
0.906250
0.907500
0.906250
0.908750
0.908750
0.898750
0.887500
0.898750
0.915000
0.917500
0.911250
0.906250
0.906250
0.916250
0.917500
0.917500
0.912500
0.920000
0.921250
0.916250
0.917500
0.915000
0.915000
0.920000
0.920000
0.918750
0.915000
0.903750
0.906250
0.918750
0.917500
0.915000
0.922500
0.922500
0.917500
0.918750
0.916250
0.916250
0.916250
0.916250
0.906250
0.908750
