0.498750
0.500000
0.500000
0.500000
0.502500
0.491250
0.501250
0.501250
0.501250
0.501250
0.501250
0.503750
0.483750
0.538750
0.508750
0.512500
0.596250
0.507500
0.511250
0.507500
0.503750
0.503750
0.508750
0.510000
0.532500
0.537500
0.782500
0.771250
0.776250
0.765000
0.682500
0.765000
0.801250
0.533750
0.536250
0.801250
0.805000
0.807500
0.806250
0.535000
0.810000
0.810000
0.645000
0.610000
0.626250
0.766250
0.660000
0.678750
0.823750
0.836250
0.830000
0.551250
0.538750
0.528750
0.522500
0.521250
0.511250
0.521250
0.541250
0.577500
0.861250
0.665000
0.583750
0.600000
0.657500
0.855000
0.846250
0.552500
0.827500
0.865000
0.875000
0.873750
0.872500
0.816250
0.680000
0.716250
0.883750
0.856250
0.542500
0.535000
0.836250
0.871250
0.580000
0.547500
0.543750
0.665000
0.841250
0.897500
0.887500
0.857500
0.857500
0.855000
0.870000
0.883750
0.905000
0.896250
0.868750
0.856250
0.848750
0.877500
0.910000
0.916250
0.872500
0.828750
0.906250
0.898750
0.875000
0.875000
0.911250
0.917500
0.868750
0.845000
0.906250
0.921250
0.896250
0.907500
0.912500
0.922500
0.921250
0.907500
0.925000
0.928750
0.915000
0.907500
0.916250
0.917500
0.905000
0.903750
0.918750
0.937500
0.930000
0.928750
0.920000
0.922500
0.916250
0.911250
0.928750
0.943750
0.945000
0.947500
0.941250
0.941250
0.941250
0.948750
0.907500
0.908750
0.940000
0.957500
0.867500
0.755000
0.953750
0.946250
0.868750
0.876250
0.942500
0.961250
0.945000
0.891250
0.928750
0.958750
0.958750
0.958750
0.941250
0.948750
0.956250
0.957500
0.957500
0.951250
0.941250
0.940000
0.948750
0.957500
0.952500
0.940000
0.953750
0.962500
0.961250
0.960000
0.962500
0.965000
0.962500
0.942500
0.948750
0.965000
0.972500
0.975000
0.976250
0.976250
0.973750
0.968750
0.972500
0.978750
0.971250
0.956250
0.963750
0.977500
0.973750
0.973750
0.976250
0.963750
0.977500
0.970000
0.951250
0.956250
0.971250
0.972500
0.956250
0.942500
0.953750
0.968750
0.967500
0.950000
0.950000
0.970000
0.973750
0.962500
0.961250
0.973750
0.973750
0.962500
0.963750
0.978750
0.970000
0.973750
0.982500
0.975000
0.970000
0.976250
0.985000
0.978750
0.978750
0.982500
0.970000
0.967500
0.981250
0.985000
0.983750
0.983750
0.977500
0.980000
0.982500
0.981250
0.972500
0.975000
0.981250
0.980000
0.975000
0.977500
0.977500
0.977500
0.980000
0.978750
0.976250
0.972500
0.958750
0.960000
0.971250
0.987500
0.980000
0.980000
0.990000
0.988750
0.988750
0.981250
0.976250
0.976250
0.983750
0.991250
0.966250
0.962500
0.987500
0.980000
0.948750
0.948750
0.978750
0.988750
0.971250
0.970000
0.981250
0.987500
0.986250
0.986250
0.986250
0.985000
0.985000
0.978750
0.975000
0.981250
0.985000
0.983750
0.982500
0.985000
0.975000
0.966250
0.972500
0.980000
0.988750
0.986250
0.981250
0.990000
